[44 84 72][39 87 75][38 83 71][36 69 58][33 52 43][36 51 43][36 58 46][38 66 56][41 75 65][40 77 67][42 77 67][43 75 65][31 55 45][39 65 52][34 63 48][31 57 43][32 61 46][32 63 48][32 65 50][33 64 49][31 64 49][32 68 51][32 68 51][33 68 52][32 68 48][31 65 50][30 64 47][31 65 48][32 64 47][36 65 50][35 64 48][31 60 44][35 62 46][34 63 48][33 63 48][37 63 50][34 62 49][34 63 50][33 62 47][32 61 46][33 61 48][33 61 48][32 60 47][30 59 44][30 58 42][31 57 43][30 61 46][33 64 49][33 67 52][34 71 55]
[40 80 68][40 80 68][38 84 72][37 75 63][31 61 50][34 54 45][36 54 45][37 62 50][37 69 58][36 70 59][37 69 58][40 71 62][40 69 60][36 61 51][34 62 48][32 58 44][34 63 48][33 64 49][33 64 49][31 62 47][31 60 45][33 60 46][32 63 48][31 64 49][29 64 48][30 65 49][30 63 48][31 64 49][32 63 48][32 63 48][33 62 46][32 61 46][33 59 45][33 61 46][34 62 49][34 62 49][38 65 55][36 66 55][36 64 53][34 61 51][33 60 50][32 62 51][32 62 51][30 60 47][30 61 46][30 59 44][31 60 45][33 63 50][33 68 54][35 71 57]
[35 78 63][38 78 66][38 78 66][34 72 59][34 66 55][35 61 48][33 55 50][34 58 53][35 64 55][33 69 55][34 65 53][33 58 46][35 61 48][35 60 50][34 64 51][32 59 44][33 63 46][33 66 51][33 64 49][31 62 47][30 61 46][30 61 46][32 63 48][31 62 47][31 62 47][28 63 48][31 64 49][31 64 49][33 65 48][32 63 48][33 62 46][32 61 45][31 60 45][32 61 46][33 62 48][33 61 48][35 62 52][40 70 59][37 67 56][34 64 53][32 62 51][33 63 50][33 67 53][32 67 53][32 65 50][31 62 47][30 61 46][31 64 49][32 67 53][35 71 57]
[35 76 61][36 76 61][40 77 63][34 73 58][35 69 58][33 62 52][31 59 58][30 59 69][29 61 74][30 66 66][32 66 56][33 60 47][34 54 42][34 54 42][36 62 48][32 61 46][33 62 47][33 62 47][32 63 48][32 63 48][33 64 49][32 63 48][33 64 49][31 62 47][30 61 46][31 62 47][31 64 49][32 65 50][31 63 48][33 62 47][31 60 45][32 61 45][33 62 47][33 62 47][34 63 48][34 60 47][35 62 52][38 65 55][41 72 63][35 65 54][33 61 48][31 58 48][33 64 50][33 68 53][34 69 53][31 64 49][31 64 49][32 65 50][31 66 52][34 70 56]
[34 73 58][34 75 60][41 80 65][39 78 63][35 67 56][34 63 54][31 62 62][28 59 77][27 60 80][27 65 77][32 66 62][34 64 50][33 59 45][31 51 38][32 56 44][33 62 47][31 62 47][31 62 47][30 59 44][32 63 48][31 64 49][32 63 48][29 62 47][32 63 48][32 61 46][31 63 48][30 66 50][34 70 54][31 67 51][30 59 44][32 58 44][32 58 44][35 64 49][34 63 48][34 63 48][31 59 46][36 61 51][37 62 52][37 67 56][36 63 53][32 59 49][28 55 45][30 57 47][33 65 51][32 66 52][30 63 48][30 63 49][31 66 51][33 69 55][35 71 57]
[34 71 55][36 73 57][39 78 62][43 81 69][40 76 64][35 65 55][34 61 56][31 61 71][27 61 77][28 66 78][31 63 59][34 62 49][36 62 48][34 60 46][33 59 45][30 60 47][30 60 47][30 60 47][30 58 45][31 61 46][31 62 47][31 60 44][32 63 48][32 63 48][31 60 44][33 62 48][32 65 50][31 67 51][34 69 55][27 58 45][27 55 42][33 59 45][30 59 43][34 63 47][33 62 47][32 61 46][36 66 53][34 62 49][37 67 54][35 63 50][34 61 51][31 58 48][28 55 45][31 62 53][34 68 57][32 67 53][33 66 51][32 67 53][35 71 59][36 75 60]
[36 72 56][33 69 53][37 73 57][43 78 64][42 78 66][38 65 55][34 58 50][32 60 57][30 67 71][30 71 74][32 66 59][33 62 49][34 60 46][33 59 45][35 61 47][32 61 46][30 61 48][30 63 49][29 58 49][29 58 50][30 60 49][32 61 46][33 62 47][32 63 48][31 60 44][32 64 48][31 64 49][31 67 51][33 70 54][31 65 51][28 58 45][31 60 45][31 57 43][32 61 45][34 61 45][33 60 44][34 63 48][34 65 50][35 68 54][34 67 53][33 63 50][33 63 52][32 62 51][33 63 54][33 66 55][33 67 56][34 69 55][34 70 58][34 72 60][35 75 63]
[36 67 52][36 67 52][32 65 50][35 68 53][37 70 56][37 61 51][34 58 48][34 60 50][36 69 65][34 71 69][31 65 56][31 61 48][34 63 48][34 60 46][34 60 46][32 58 45][31 59 46][29 63 52][30 62 57][28 56 57][29 56 56][32 61 46][31 60 45][33 59 45][33 62 47][32 63 50][31 67 51][29 68 52][30 69 54][30 69 54][31 66 52][30 60 47][28 58 45][31 57 43][30 56 42][30 55 41][31 58 42][32 63 48][33 68 52][35 72 56][33 68 54][32 62 49][32 64 53][34 66 55][30 63 51][34 69 55][32 68 54][35 73 61][35 75 63][36 76 64]
[32 57 43][33 59 45][34 63 48][35 61 47][36 59 45][35 55 43][34 58 47][36 63 50][34 68 58][37 71 65][31 66 53][30 63 49][32 65 51][32 60 47][29 55 41][33 59 46][30 56 46][29 57 51][25 57 62][27 55 74][28 53 69][27 58 59][30 62 51][30 62 51][29 64 54][31 68 60][30 70 58][30 75 59][32 75 61][31 74 61][32 74 62][31 69 57][31 67 55][31 62 48][29 57 43][31 56 42][29 54 40][33 61 47][34 66 49][34 70 54][31 70 54][33 66 52][34 63 49][33 66 52][32 68 54][36 72 58][31 69 54][36 74 62][35 76 64][34 78 65]
[33 58 44][31 55 43][32 54 42][34 58 46][32 56 44][34 58 46][35 60 49][35 63 50][34 64 53][36 70 60][33 67 57][29 60 51][29 63 53][30 60 49][28 55 45][31 56 45][31 58 52][29 53 51][24 50 62][25 52 85][25 52 91][26 61 89][23 64 86][24 69 80][22 69 82][22 75 84][24 78 77][28 78 68][30 76 67][29 73 66][31 72 67][33 74 67][31 73 62][33 71 61][31 64 54][29 56 46][29 53 41][31 55 43][32 63 48][31 64 49][33 68 54][31 64 50][32 64 49][32 65 51][34 67 53][34 70 56][30 73 60][33 77 64][34 77 64][34 78 65]
[32 57 43][33 57 45][32 56 44][32 56 44][35 59 47][32 56 44][36 63 50][35 63 50][35 65 54][38 69 62][33 66 59][30 61 52][26 58 53][23 58 54][25 56 55][28 56 53][28 56 58][25 57 63][24 49 69][ 21  49 109][ 12  56 135][  3  65 155][  4  71 158][  9  68 131][  8  71 143][  9  77 148][ 20  80 108][26 78 71][28 75 69][27 75 77][28 74 80][31 74 71][32 75 66][34 72 60][32 67 56][32 60 51][30 54 42][32 54 42][32 60 47][33 64 49][32 67 53][35 63 50][31 63 48][32 65 50][32 67 53][33 69 55][35 75 63][34 78 65][33 77 64][33 78 62]
[31 56 42][32 57 43][33 58 44][35 59 47][33 57 45][31 55 43][35 61 49][34 64 51][36 66 55][37 68 61][32 63 56][29 60 53][24 55 52][23 54 63][23 46 72][26 49 73][26 53 67][23 54 86][ 18  49 111][ 14  49 134][  3  60 170][  5  97 233][  7 130 255][  3 126 248][  0  73 204][  0  78 200][  0  80 180][ 10  69 118][22 73 80][24 75 91][25 75 94][27 73 80][28 71 68][33 71 61][30 63 54][32 63 54][31 60 51][33 60 50][33 65 54][33 66 53][33 67 57][33 63 50][35 64 49][33 66 51][33 69 55][34 73 58][33 74 59][31 74 61][31 76 60][33 76 61]
[33 58 44][32 57 43][31 56 42][33 56 42][33 55 43][30 54 42][33 59 46][36 67 53][34 69 55][35 69 58][32 62 57][30 57 54][24 50 50][25 52 66][23 45 82][23 42 89][27 46 89][ 20  47 119][  0  50 179][  1  68 217][  0  58 197][  2  90 226][  3 148 253][  2 188 254][  5 172 255][  1 100 238][  5 124 250][  5 138 255][  8 110 215][ 14  72 114][ 20  72 113][24 74 96][19 78 92][ 17  78 108][21 64 79][27 64 67][29 62 55][31 63 52][34 70 58][34 70 61][31 65 55][35 65 54][35 63 50][33 63 48][32 68 53][31 72 57][35 79 66][33 77 64][30 73 58][32 75 60]
[32 57 43][30 55 41][34 57 43][32 55 41][32 52 40][32 54 42][30 55 43][34 65 51][33 69 53][34 69 55][33 67 56][27 54 48][28 49 47][27 50 58][22 49 83][20 46 98][24 50 96][ 15  52 125][  7  87 235][  1 115 251][  3 141 254][  0  93 230][  0 111 241][  4 192 254][  4 200 254][  4 166 254][  1 109 243][  4 132 251][ 16 175 255][ 16 130 235][ 18  71 104][ 19  77 106][20 81 95][ 17  78 114][ 11  82 137][18 65 92][25 67 80][29 67 58][32 69 53][32 72 56][36 69 55][32 62 51][33 60 46][34 60 46][33 64 50][34 70 54][36 77 62][37 82 69][34 81 65][36 81 64]
[32 58 42][31 57 41][33 56 42][31 54 40][30 50 38][29 51 39][32 55 43][35 66 52][36 72 56][32 67 53][35 68 54][33 60 51][30 53 48][29 47 46][24 55 68][21 60 95][ 23  60 104][ 19  60 109][  9  94 212][  3 157 254][  3 171 254][  5 162 254][  4 119 246][  3 174 254][  3 204 254][  6 205 254][  0 123 238][  3 123 252][  1 143 250][  3 123 226][ 13  72 106][27 74 72][23 80 82][21 85 97][ 12  85 124][ 16  76 121][ 20  70 100][27 70 75][32 73 58][31 74 61][35 72 62][27 61 55][30 56 44][33 58 44][33 61 47][34 65 50][35 72 56][37 81 65][38 85 69][39 86 70]
[32 58 40][32 58 40][32 55 40][32 54 42][31 51 39][31 52 40][32 55 42][36 65 50][33 69 53][34 67 53][34 67 53][34 64 54][34 61 52][28 50 45][28 50 48][27 64 78][ 21  66 110][ 23  65 112][  8  68 150][  4 132 246][  5 189 253][  1 164 253][  0 139 250][  0 155 253][  1 196 254][  1 220 254][  0 183 252][  4 148 254][  6  98 215][  1  70 135][ 11  71 108][21 74 83][25 73 74][23 82 88][17 86 96][ 17  80 109][ 20  75 106][25 75 93][32 74 64][30 81 72][ 19  89 112][  4  88 154][ 15  80 118][25 66 64][34 65 50][34 67 52][35 70 56][34 77 60][36 81 65][37 82 66]
[33 57 39][33 59 41][31 57 41][33 59 45][31 54 40][30 53 39][34 58 44][32 59 45][30 61 46][31 64 50][34 64 51][33 64 53][34 62 56][29 50 47][28 45 41][30 56 54][28 67 87][ 23  68 110][ 21  61 119][  1  79 191][  7 167 251][  6 186 254][  0 152 250][  5 177 253][  0 180 252][  2 207 254][  2 213 254][  0 195 253][  4 167 253][  3 131 235][  9 121 228][  0  80 157][ 11  77 122][19 83 93][18 88 97][19 85 98][ 11  85 121][ 16  84 100][27 77 70][30 83 69][ 19  97 103][  0 101 172][ 12 135 232][  5  93 149][25 80 82][37 76 61][38 75 59][35 79 62][33 78 61][34 78 61]
[34 56 38][33 57 39][32 55 40][33 59 45][35 61 47][30 53 39][32 55 41][31 57 43][30 58 45][29 56 46][33 59 46][36 62 49][32 56 51][28 52 50][27 48 40][30 52 48][30 63 69][28 62 87][23 57 93][ 16  54 106][  2  80 194][  5 168 253][  3 207 254][  2 219 255][  2 220 253][  1 202 254][  2 197 255][  1 196 254][  3 197 254][  6 208 253][  3 196 254][ 11 183 255][  4  95 201][ 10  77 122][17 86 97][25 91 96][25 86 88][27 79 75][31 81 69][32 82 67][30 88 80][  9  95 112][  5 131 209][  2 115 182][ 20  96 112][35 82 73][40 81 66][40 82 65][35 74 58][32 73 52]
[31 53 35][31 55 37][35 58 40][33 61 42][33 66 51][31 57 43][29 49 40][29 51 43][29 51 49][28 49 57][28 53 57][33 54 46][32 53 54][29 52 60][27 50 52][27 51 51][30 61 68][31 65 89][26 53 87][25 53 83][ 18  53 105][  0  81 198][  1 161 248][  5 217 255][  1 238 252][  6 237 255][  2 201 252][  3 162 252][  2 185 253][  2 187 251][  2 207 253][  7 215 254][  5 157 249][  1  94 193][  2  84 145][ 20  85 102][28 84 79][30 78 66][33 78 62][35 80 63][34 83 63][24 83 75][14 90 97][14 86 94][30 82 73][37 81 68][40 82 65][40 82 65][34 76 58][32 72 54]
[31 50 35][31 52 37][34 58 42][34 61 45][34 62 49][33 61 48][29 49 42][27 42 44][28 40 44][29 40 59][28 43 74][29 45 72][28 44 59][28 48 73][25 51 88][23 51 92][22 54 83][25 59 96][ 24  55 110][ 24  55 106][23 55 95][15 53 96][  9  71 166][  5 140 243][  5 212 255][  3 241 254][  7 233 255][  2 136 233][  2 108 216][  0 127 235][  9 157 251][  9 182 255][  0 107 217][  0  84 180][  1  92 174][  3 100 168][ 17  86 105][36 82 70][34 80 64][34 76 58][36 75 59][33 78 59][32 77 60][32 78 57][35 78 58][36 77 56][36 76 58][35 76 59][32 75 58][33 73 55]
[29 46 32][30 51 36][30 53 39][32 58 44][32 61 46][31 60 45][29 51 42][28 41 43][27 37 44][29 36 54][26 38 77][25 39 88][24 39 78][22 38 67][ 23  53 103][ 18  55 113][ 19  56 112][ 21  54 103][ 19  58 126][ 17  56 129][ 21  63 104][24 63 88][27 56 71][ 17  60 111][  5 112 208][  5 195 252][ 10 224 252][  1 100 187][  6  66 115][  1  83 167][  1  86 175][  0  90 185][  5 118 222][  3  88 175][  1  84 153][  4 109 188][  9 102 147][28 85 81][36 83 67][34 79 62][32 72 54][34 75 54][32 76 59][30 75 56][31 71 52][33 74 53][32 73 52][33 75 57][33 75 58][34 76 58]
[28 45 31][29 48 33][30 51 36][30 55 41][31 56 42][29 54 40][29 51 40][29 42 39][27 38 36][26 35 43][27 36 62][25 38 82][23 38 83][27 40 66][27 51 75][ 22  61 107][ 18  62 107][22 62 97][19 57 91][ 21  65 123][ 20  66 108][24 64 73][24 57 60][27 55 55][23 51 74][  9  70 139][ 16 128 217][  3  75 118][ 13  80 120][  8  72 120][  5  90 151][  2  80 138][  7 104 180][  3  96 170][  2  85 145][  8  99 153][ 16  97 124][32 88 84][36 82 68][37 82 65][32 76 59][35 74 53][33 75 57][32 77 58][30 72 51][30 72 49][32 71 50][32 71 50][33 73 55][33 75 57]
[29 47 30][29 48 33][30 51 36][32 52 39][29 52 38][30 50 37][30 50 38][30 49 38][26 42 31][28 36 35][28 38 48][27 39 64][28 42 70][27 41 63][29 43 49][29 56 74][22 60 81][26 62 71][28 61 57][23 57 62][28 66 81][26 57 53][29 56 47][29 55 43][29 52 40][25 51 46][24 58 57][22 61 59][22 68 73][ 17  76 104][19 64 69][25 67 66][22 70 76][20 75 89][ 15  88 120][ 19  84 100][31 80 78][34 81 72][35 82 68][35 80 62][33 74 53][32 75 54][31 75 54][33 79 58][30 71 50][31 70 48][30 69 48][31 70 48][31 70 48][34 73 52]
[28 46 29][29 48 31][28 49 34][31 52 37][31 49 36][30 48 35][31 48 35][31 51 39][28 47 32][28 39 31][30 41 33][29 43 39][28 43 45][28 44 56][29 41 46][32 45 44][30 53 50][29 55 49][32 58 45][30 56 43][26 52 38][27 52 38][28 53 39][31 52 37][28 51 36][31 51 36][29 53 35][31 58 42][33 58 43][29 61 49][28 58 43][29 58 43][32 58 45][30 57 47][26 62 53][33 70 60][33 78 62][30 79 63][32 80 62][31 77 58][30 71 50][30 73 52][31 77 57][32 77 58][29 74 53][31 72 51][32 71 50][31 70 49][30 69 48][31 70 49]
[29 47 30][29 48 31][30 49 34][30 49 34][31 46 32][31 44 30][31 44 30][31 48 34][33 47 35][31 43 31][30 40 28][30 43 35][29 42 34][28 43 39][28 43 39][26 38 30][31 51 42][27 51 39][30 53 39][28 54 41][28 52 38][28 51 36][30 52 34][30 49 32][30 49 32][30 51 33][31 50 33][31 50 33][31 53 35][32 54 36][28 54 36][31 53 35][31 52 37][30 51 38][31 54 38][30 61 42][31 73 56][32 80 62][31 79 61][30 74 54][29 68 47][31 70 49][31 76 54][35 77 59][33 77 58][32 73 52][31 73 50][32 71 50][32 71 50][32 69 49]
