[102 111  98][101 111  95][ 99 110  94][ 96 109  93][ 89 104  90][82 98 81][75 91 74][68 86 69][60 79 60][52 71 52][54 73 54][49 68 49][50 66 48][50 65 44][46 61 40][51 67 44][54 72 49][57 76 59][60 81 64][62 86 71][65 91 77][49 67 54][47 62 48][50 63 47][49 66 49][61 81 66][ 67 100  86][62 93 78][57 81 65][45 62 48][43 56 42][44 57 41][45 64 47][45 65 47][41 62 45][43 59 42][41 60 43][46 72 55][51 80 64][43 74 57]
[ 97 106  93][ 96 105  91][ 91 101  85][ 95 105  89][ 89 103  89][83 99 82][75 92 78][69 85 68][59 75 58][58 73 51][54 66 45][52 64 44][54 69 48][58 72 53][54 68 50][53 68 47][56 73 52][61 83 65][64 87 72][58 79 64][50 71 56][52 67 53][51 66 52][55 70 55][58 76 63][56 74 61][63 89 76][60 89 76][62 87 75][43 63 48][44 59 45][46 65 50][46 73 55][53 85 68][49 76 57][41 63 45][38 59 44][42 64 49][43 70 54][46 75 59]
[100 109  96][ 97 106  91][ 96 105  92][ 94 107  93][ 91 104  90][ 88 101  85][81 93 75][74 86 66][68 82 64][64 76 56][59 72 48][59 72 48][58 70 50][57 69 51][55 68 52][59 72 56][63 80 66][64 85 70][67 90 76][65 91 77][57 81 67][56 77 62][58 77 62][53 72 57][56 77 63][54 74 61][49 69 56][58 81 66][54 77 63][54 80 66][55 80 66][45 70 56][42 71 55][37 69 50][40 68 49][42 68 50][44 70 54][43 66 54][44 70 56][42 71 55]
[102 110  99][100 108  97][ 98 106  95][ 95 105  92][ 96 108  95][ 93 104  88][85 97 79][77 89 69][74 86 68][70 81 65][69 80 59][67 78 55][69 84 63][59 75 57][60 74 56][59 73 57][62 81 66][67 87 74][63 82 69][66 87 74][67 90 76][61 80 65][61 80 65][61 83 70][58 82 70][57 81 67][46 63 49][44 61 47][45 62 49][49 69 56][54 77 63][55 86 71][47 79 63][41 73 56][37 67 48][37 64 44][38 61 46][40 65 51][44 70 54][44 71 55]
[ 99 107  96][ 99 107  96][ 98 108  96][ 98 108  96][ 99 111  99][ 94 105  92][85 98 82][71 85 67][71 82 66][71 79 68][70 79 66][69 83 64][68 85 64][60 76 58][59 73 55][58 74 57][64 81 67][65 84 69][68 86 73][70 88 75][63 81 66][59 75 57][61 80 63][71 93 79][69 92 78][49 69 56][48 66 53][46 60 48][46 63 50][50 71 57][55 78 64][53 79 66][53 84 69][47 79 62][40 70 51][41 65 47][42 63 48][44 65 50][43 66 51][44 72 54]
[108 116 106][105 114 105][104 112 105][103 111 104][ 99 109  97][ 94 105  93][86 98 86][82 95 81][76 89 75][71 82 69][66 75 62][66 80 62][59 76 55][57 73 55][55 71 53][56 70 52][61 77 60][62 81 62][69 87 72][67 87 74][65 86 71][60 78 61][55 72 58][60 75 61][48 62 48][41 56 42][47 61 49][50 67 54][54 72 59][52 72 60][54 74 62][51 71 58][48 73 59][50 79 63][43 69 53][33 52 35][28 47 30][37 58 40][45 70 52][45 73 54]
[113 117 111][112 118 112][109 116 109][103 111 104][100 108 101][ 94 105  95][88 99 89][81 95 84][74 88 76][74 86 74][68 79 67][60 75 61][57 74 60][52 72 55][48 64 47][53 66 50][64 77 63][66 85 70][68 89 77][64 82 69][66 84 69][64 82 69][60 79 64][55 74 56][50 66 49][43 55 43][42 52 40][46 60 48][48 66 53][49 66 53][49 66 55][44 62 49][42 62 49][45 68 53][45 72 58][48 80 63][39 66 50][37 63 45][42 70 51][43 73 54]
[117 119 113][116 118 112][112 115 106][113 115 109][105 112 105][ 99 108  98][ 95 106  96][ 86 101  93][78 94 83][69 86 73][62 79 65][56 81 71][56 93 85][ 64 105 100][55 90 80][57 86 77][64 89 85][65 89 81][62 87 77][66 84 70][64 77 57][61 77 59][69 90 75][63 94 81][52 76 62][45 63 49][45 55 42][43 55 43][43 56 42][46 56 43][43 56 42][43 58 44][45 62 48][44 61 47][45 68 54][41 66 52][38 64 48][41 68 52][42 70 51][44 72 53]
[120 120 115][119 119 113][118 118 112][116 118 112][110 114 108][105 111 101][101 109  99][100 109  99][ 97 109  97][ 87 106  94][ 79 103  93][ 75 113 105][ 72 123 116][ 73 131 129][ 65 122 121][ 64 125 129][ 64 119 122][ 79 135 140][ 80 135 142][ 69 112 115][64 81 70][63 75 55][66 85 69][69 97 85][60 91 79][49 72 57][44 60 43][46 59 45][43 58 45][43 57 45][43 55 43][43 56 42][44 61 47][42 59 45][45 69 55][48 79 64][47 76 61][42 69 53][39 65 48][39 66 47]
[127 124 120][126 123 119][122 121 117][122 121 117][119 120 118][114 115 111][107 109 103][104 109 100][105 113 103][ 94 110  99][ 78 104  94][ 71 108  99][ 63 107 100][ 62 109 103][ 62 114 111][ 64 129 131][ 61 130 133][ 68 130 138][ 65 126 128][ 74 126 133][ 73 116 125][74 98 90][68 85 76][62 83 71][48 71 57][51 72 57][47 66 51][49 68 53][47 69 57][43 68 58][44 64 52][43 60 47][41 59 46][40 57 44][47 66 53][56 89 75][48 81 66][40 66 50][44 72 55][46 76 57]
[129 124 123][127 122 121][126 122 121][126 124 123][126 127 125][127 128 126][121 120 118][115 116 112][108 114 109][ 96 114 111][ 79 112 107][ 70 108 102][ 68 110 103][ 62 112 107][ 61 118 115][ 53 113 107][ 56 113 110][ 66 120 120][ 71 125 128][ 83 133 136][ 85 128 131][ 84 115 118][ 77 106 110][ 71 101  98][58 85 74][52 78 64][51 87 75][40 75 63][44 68 54][44 63 50][43 64 55][49 72 64][48 72 62][46 66 54][51 69 56][53 76 61][ 62 101  89][48 81 66][46 78 61][46 81 64]
[129 121 121][127 122 121][127 122 121][127 125 125][130 130 130][127 129 129][126 126 124][121 122 120][114 119 117][100 120 118][ 84 116 112][ 75 115 110][ 68 109 104][ 69 112 109][ 63 115 113][ 64 124 124][ 62 119 120][ 62 117 120][ 80 133 136][ 87 137 143][ 86 141 146][ 87 136 144][ 84 129 140][ 76 117 121][61 96 90][51 82 73][ 56 105  97][ 58 115 108][39 75 64][49 74 65][56 89 82][54 87 80][53 84 77][48 79 70][45 73 60][52 80 67][59 94 83][48 79 65][45 77 60][46 77 57]
[131 123 123][130 123 124][131 125 126][132 127 128][127 127 125][121 126 124][124 127 125][122 123 121][116 119 117][106 121 120][ 94 120 119][ 79 117 115][ 76 116 115][ 77 121 120][ 78 129 129][ 73 130 132][ 67 124 126][ 68 129 133][ 72 128 133][ 82 137 144][ 83 137 146][ 82 129 137][ 84 128 135][ 87 128 136][ 79 124 128][ 61 109 109][ 54 111 108][ 53 114 109][ 54 118 118][ 54 110 108][ 58 102  96][54 88 81][54 87 80][56 90 83][ 63 105  97][54 93 85][56 99 90][44 77 66][46 79 64][41 73 54]
[135 124 126][133 125 126][132 124 125][127 122 123][119 123 122][117 123 122][120 125 124][118 123 122][112 122 122][105 119 121][ 94 119 119][ 79 115 115][ 79 119 118][ 71 119 120][ 68 122 122][ 72 127 130][ 71 127 132][ 72 128 133][ 74 127 133][ 80 127 134][ 78 123 130][ 82 126 133][ 85 131 138][ 85 124 132][ 82 121 129][ 76 121 127][ 67 121 122][ 54 114 113][ 64 135 139][ 70 143 150][ 72 138 143][50 94 91][53 86 79][59 91 84][ 74 115 109][ 57 104 102][ 61 108 105][ 60 100  98][53 97 90][56 98 86]
[132 122 122][133 123 123][131 121 121][126 121 120][122 121 122][119 124 122][117 124 123][107 117 117][108 118 118][104 121 122][ 98 122 122][ 86 120 120][ 77 119 118][ 71 121 120][ 71 122 122][ 74 129 131][ 68 123 126][ 78 128 134][ 86 133 141][ 86 129 138][ 82 124 133][ 78 123 127][ 85 130 134][ 91 137 144][ 87 130 135][ 83 125 130][ 75 120 123][ 68 121 122][ 63 131 132][ 61 132 135][ 62 133 136][ 47 101 103][54 83 79][54 77 72][52 80 74][57 87 82][53 86 82][59 99 94][ 68 120 116][ 68 124 121]
[129 119 119][129 119 118][130 118 116][124 117 114][123 119 118][116 116 116][104 113 111][101 112 109][ 98 111 109][ 91 111 109][ 87 111 109][ 85 116 115][ 82 121 119][ 71 118 119][ 69 121 121][ 65 116 118][ 61 112 114][ 70 118 119][ 75 120 123][102 139 147][ 93 122 131][ 92 128 134][ 83 123 128][ 84 124 128][ 87 134 138][ 91 132 137][ 81 119 123][ 70 117 118][ 65 124 124][ 58 123 124][ 55 119 123][ 54 108 111][48 81 76][53 83 74][ 66 103  95][56 91 81][56 90 82][ 58 101  98][ 54 110 107][ 62 121 121]
[126 117 114][125 116 113][123 114 111][125 116 113][120 116 115][113 117 116][105 112 109][ 99 108 105][102 109 106][ 93 108 107][ 86 108 106][ 81 109 106][ 74 111 109][ 68 112 111][ 63 112 110][ 64 114 114][ 65 115 115][ 76 115 117][ 84 116 119][ 93 115 120][ 98 117 122][100 124 130][ 92 122 127][ 78 119 122][ 78 126 130][ 93 131 136][ 86 121 124][ 72 119 120][ 66 119 119][ 68 125 127][ 77 141 146][ 64 123 128][50 89 85][52 93 86][ 54 106  99][46 97 90][47 88 81][ 58 110 104][ 59 121 118][ 57 119 119]
[123 113 110][120 111 108][118 111 108][116 111 108][113 111 107][109 112 110][107 109 109][105 107 107][102 104 104][ 94 104 104][ 83 103 102][ 76 104 101][ 70 103  99][ 67 106 103][ 64 108 107][ 64 106 105][ 68 108 107][ 81 109 110][ 96 108 112][ 99 111 115][103 114 118][102 116 122][ 99 120 122][ 79 120 124][ 76 121 124][ 87 124 128][ 88 123 126][ 73 120 121][ 63 112 110][ 70 122 123][ 68 122 123][ 62 112 108][ 60 102  95][ 64 109 100][ 64 122 121][ 59 122 120][ 48 106 101][ 53 108 103][ 56 114 109][ 60 114 109]
[117 108 105][115 106 103][110 107 103][102 103  99][ 96 100  98][89 98 95][88 99 97][86 97 95][ 96 101 100][ 95  99 100][ 85 100  99][71 94 92][66 95 92][ 68 101  97][65 97 96][ 76 108 107][ 82 107 109][ 89 108 111][ 99 107 110][105 108 112][105 111 114][107 118 122][102 117 120][ 88 120 125][ 75 120 124][ 79 121 126][ 82 123 126][ 80 121 123][ 70 114 115][ 74 115 117][ 75 120 123][ 72 124 124][ 59 111 107][ 61 111 104][ 64 111 109][ 79 141 141][ 64 133 133][ 61 127 126][ 60 122 122][ 71 128 127]
[112 103 100][110 102  98][105 100  97][101 100  96][91 95 93][86 95 92][79 93 89][77 91 89][79 92 90][80 93 91][76 90 88][72 90 89][72 92 93][68 92 90][68 95 92][ 82 105 105][ 84 104 105][ 92 107 109][101 109 112][106 109 113][106 111 114][107 110 114][100 110 117][ 88 110 112][ 78 117 121][ 75 122 126][ 65 110 113][ 65 106 108][ 67 109 108][ 71 112 114][ 72 117 120][ 74 126 126][ 70 130 130][ 61 123 121][ 53 106 103][ 50 104 104][ 62 122 122][ 60 124 125][ 72 136 137][ 64 123 122]
[108  99  96][106  98  96][101  98  94][93 94 90][84 90 87][72 83 80][71 85 81][72 89 85][73 90 86][75 92 89][74 90 88][73 87 85][75 90 92][76 92 91][76 92 91][78 92 91][83 97 96][ 88 100 102][ 92 104 107][102 108 111][107 111 112][110 114 119][103 120 123][103 119 125][ 96 119 124][ 78 120 123][ 72 117 120][ 77 120 123][ 75 120 123][ 79 130 133][ 72 131 133][ 64 121 122][ 58 114 115][ 61 118 120][ 60 118 117][ 69 125 126][ 71 126 127][ 87 139 142][ 94 151 152][ 95 150 153]
[105  96  93][103  95  95][99 95 94][90 93 91][80 89 86][74 85 82][69 81 78][69 84 80][75 90 86][75 89 85][77 90 88][79 91 91][82 94 94][80 92 92][82 93 91][84 95 94][86 96 96][86 98 98][ 90 102 104][ 92 103 105][100 106 109][105 110 113][102 114 118][105 123 126][ 93 121 125][ 79 121 124][ 74 128 129][ 76 129 132][ 74 127 130][ 67 121 121][ 63 120 121][ 67 124 125][ 65 124 124][ 71 128 130][ 79 135 136][ 75 129 129][ 69 123 123][ 68 121 122][ 73 127 128][ 77 132 134]
[102  94  91][101  94  91][97 94 90][88 91 89][77 86 83][77 86 83][73 84 81][79 90 87][81 90 87][83 90 87][83 89 88][84 90 89][86 91 92][84 90 89][86 92 91][85 93 92][86 94 93][ 90 100 100][ 85 100 102][ 85 100 102][ 85 100 102][ 87 103 102][ 88 103 105][ 94 107 109][ 91 112 113][ 85 117 118][ 65 115 115][ 60 112 112][ 61 112 114][ 59 109 108][ 58 113 110][ 70 127 128][ 65 125 125][ 68 125 126][ 72 129 130][ 58 114 115][ 64 116 116][ 68 120 120][ 79 130 132][ 76 133 134]
[99 91 88][98 91 88][93 90 86][87 90 88][82 87 85][80 84 79][76 83 78][78 85 82][79 86 83][83 90 87][84 89 87][84 90 89][87 93 92][83 91 90][84 92 91][81 89 88][80 91 89][82 94 94][81 97 96][ 79 101 101][ 77 106 106][71 99 99][ 81 104 106][ 82 103 104][ 80 106 107][ 73 111 111][ 67 113 114][ 62 108 109][ 63 107 106][ 66 113 114][ 66 118 118][ 69 123 123][ 65 122 121][ 62 124 124][ 66 130 130][ 61 118 119][ 67 121 121][ 68 119 119][ 67 116 114][ 72 127 127]
[94 88 83][92 87 84][90 87 83][84 85 81][76 80 75][81 85 80][78 84 79][77 83 78][76 82 77][76 81 78][79 84 82][81 86 85][78 86 85][78 89 87][76 89 87][70 84 80][75 88 86][83 91 90][82 95 94][75 98 96][69 97 94][67 98 97][63 94 93][ 72 105 104][ 69 110 107][ 64 111 109][ 67 114 112][ 75 120 121][ 71 114 116][ 72 116 116][ 64 112 114][ 64 114 112][ 59 116 113][ 60 121 120][ 55 117 116][ 51 106 103][ 56 103 101][ 66 111 110][ 63 112 110][ 62 115 115]
